428.947632, 339.236755, 341.473145, -297.305664
429.311981, -153.255707, 94.140678, 196.096741
452.599976, -162.390274, 13.260507, -314.052551
457.434174, 98.783485, 13.362609, -404.700989
329.639374, 72.007507, -307.138580, 88.290855
439.988983, -157.590149, 265.814636, -52.523415
272.064209, -45.269962, -200.940140, -136.201294
300.038849, -279.810577, -106.545509, -35.631432
506.029266, -277.934235, 111.369362, 36.830643
376.988342, -62.083652, -134.490707, 245.048233
320.663483, -299.636566, 255.795044, -284.695923
349.337524, 143.409424, -325.639343, 160.713654
323.117767, -177.801910, -114.513260, -224.138840
353.744263, -262.045563, 10.004690, 25.750378
336.903534, 73.489037, -313.804169, 25.585997
415.864441, -148.482727, 330.460327, 269.263611
392.625916, 160.633545, 86.159744, 29.193233
388.627991, -288.138794, 11.236116, -120.818306
413.392059, 168.779572, -146.722488, -286.081055
317.035645, 68.748428, -294.953369, -219.257782
338.692535, -120.939819, -55.584286, 89.961014
421.809784, 334.729126, -231.360901, 113.097733
326.848999, -54.070095, -241.681488, 24.517891
377.422211, -207.058563, 82.803436, 172.277451
464.520233, -77.229134, -164.969116, -143.683395
293.278534, -273.961884, 65.045288, -260.135254
308.927917, -169.790085, -109.655647, -95.756905
391.461578, -64.600563, 85.651123, 254.029480
322.350616, -300.251129, 8.808294, 208.901718
485.989319, 384.606598, -79.257072, -429.362305
395.511169, 9.794353, 87.279396, -198.428528
322.209534, -52.875019, -300.476593, 271.618439
567.379395, 15.016867, 15.417515, 259.714050
443.563995, -158.787674, 352.962799, 31.969978
351.115509, -58.055241, -326.979614, 26.443502
342.470367, 271.027740, -55.851486, -302.566406
371.954224, -275.647552, -346.102539, -115.102013
498.812347, 108.951385, -177.889664, 228.828094
336.801208, -249.726089, -248.680542, -168.942627
345.757996, -123.290314, -189.525299, 158.412109
603.284912, 478.561035, -99.470406, 161.355026
398.619934, 9.754547, -141.282059, -352.590790
440.435150, -158.172165, 13.023666, -390.098450
385.119751, -285.323486, -210.678543, -45.494617
466.056305, -255.991806, 370.755035, 122.830139
312.336670, -52.198704, 9.116475, -216.622894
433.918854, 177.527283, 95.221252, 32.263523
473.090576, 284.181091, -168.237701, -145.730881
307.059906, 243.231171, -226.871536, -212.137405
382.279968, -62.999992, -282.910278, 175.390961
353.876099, 144.392838, 145.897980, -177.419327
507.218140, -473.063965, 306.431793, 36.246723
439.321991, 179.922729, -156.438797, 33.095505
703.788391, 558.426514, 423.239746, 592.219788
303.944794, -50.896652, 8.954081, -269.106262
359.311859, -335.256012, 10.418311, -111.822723
384.346252, 231.117645, 10.416258, 102.550705
460.211975, 276.299835, -163.526169, -230.048874
399.760712, -142.583084, 87.514656, 259.292664
473.932281, -77.904503, -169.246918, 399.009949
474.759949, 103.493042, -78.077217, 126.545738
367.025238, -131.251114, 80.736572, 26.830290
342.663666, -122.731384, 207.016663, -40.905296
450.232178, 11.088455, 185.757431, -226.017120
493.828918, -81.997055, 392.715118, 130.459473
338.006012, -56.438095, -314.323639, -298.841705
415.153259, 248.926346, 250.763245, -208.136917
401.713715, -143.242935, -220.197235, 184.048569
577.208191, 347.693756, -95.701111, 486.432281
424.208435, -233.314087, 175.049484, -132.003067
511.753540, 209.756638, 209.942245, 332.360016
471.064575, 102.801086, -258.197174, 125.871399
441.640594, -327.299408, 12.632495, -52.576462
392.625916, 160.633545, 86.159744, 29.193233
399.235046, 9.775464, 241.339493, -200.538071
247.820282, -231.236771, -230.519516, -124.326828
329.891022, 71.786240, -180.612885, -38.441322
506.520294, -375.314850, 208.738327, 36.533596
322.348541, 69.611542, 9.416468, -285.187866
545.920166, 223.265610, 224.547852, 40.406746
494.534851, -81.196045, -366.323730, 416.712982
606.802368, 365.520874, -100.607697, 511.372742
331.734772, -182.298828, -181.401932, -102.731133
465.861115, -77.433151, 281.225189, 33.886269
480.677002, -448.832947, 383.148590, -242.385696
662.856140, 398.969116, 271.565887, 557.847534
390.323608, -213.845291, -288.932343, 253.747253
528.083191, 316.814545, 116.304680, -264.433868
451.895569, 185.211624, -161.062561, 120.740654
379.882599, 227.962708, 10.777494, -190.111267
630.777527, 500.721771, 137.305740, 531.279114
435.229828, -72.126984, -71.329971, 32.239418
472.308807, 12.659984, 193.720963, 397.068268
434.937286, -71.373764, -405.600647, 366.646851
331.505524, -246.031540, 264.206390, -167.054306
484.618927, 12.736370, -79.638840, 129.023727
322.901031, -301.365784, -52.511070, -162.342850
302.959930, -166.663574, 8.821049, -152.203354
453.884247, -162.172104, -161.423096, 33.622101
352.961731, 279.987061, -193.485062, 26.918631
438.766663, -408.585144, 96.019066, 368.371857
354.176819, 77.256958, -329.893066, 26.897829
329.537689, -307.817230, 262.776642, -229.373291
358.235657, -128.540955, 216.653824, -180.176971
383.434753, -63.831184, 10.969043, -118.829842
433.333771, -237.694397, 261.227631, 280.608246
361.584625, -267.970245, 10.342615, -43.045937
510.017365, 209.314438, -377.599487, 234.467728
420.175964, 333.098694, 172.539825, 111.944199
431.456757, 342.058411, -153.622437, -50.002117
341.505493, -187.354294, 74.923637, 155.883011
327.789886, 71.260132, -242.248489, -100.993156
717.962646, 432.012665, 431.894287, 603.940552
658.123230, 143.184296, 522.922852, 300.490417
415.143860, -69.213913, -306.507568, -287.484619
463.096008, -77.268333, 279.864380, -143.950668
343.735443, 140.309692, -253.801880, -303.647491
423.909241, -70.009277, 174.090012, 274.926300
398.384094, 9.939493, 164.242874, -123.581024
537.210266, 425.292267, 324.223755, -166.141327
306.790924, 125.116837, -49.945389, -271.242767
417.812469, -149.461990, 172.088242, 30.402294
313.552643, -232.301422, 69.039452, 22.721064
328.213715, 134.327698, -305.555908, -100.928329
334.494965, -248.003342, 9.671020, -103.989410
372.406250, -61.953552, -60.803333, -115.300461
306.025482, -227.086884, 185.150864, -154.119308
517.361389, 211.016785, 312.586670, -259.542450
349.666077, -192.440689, -56.822884, -242.648224
380.620667, -135.918793, 156.501709, 173.718369
353.291779, -126.087440, -193.539078, 94.070793
561.415344, -307.846497, 445.971893, 471.027191
402.005402, 86.865219, -65.394287, -355.556122
362.731842, -338.759644, -128.405853, -321.454773
457.360687, -251.011566, 12.740147, 121.182243
467.301971, 12.620987, -435.508606, 214.696411
400.970367, -66.647285, 242.052780, 29.166206
551.462341, 14.425650, 15.176673, 146.633316
525.440430, 215.122375, -86.308220, 39.414585
470.386292, -167.817627, -77.357498, 215.190750
446.465576, -331.152740, 269.979218, -139.216583
481.078796, -171.984482, 13.512489, 35.326988
276.448456, -152.192230, -150.950302, -244.734436
388.767365, -213.324554, 159.896698, 177.315308
288.858765, 62.579136, -157.906616, -199.917694
569.207031, 450.692383, 452.581879, -67.070808
284.367706, -47.387497, -264.511719, -196.852310
344.327820, 74.321449, 208.200165, -238.882141
344.411896, 206.514496, 75.953400, -238.518829
415.115051, -69.154480, 91.532623, -128.774780
324.696777, -302.827576, -52.995491, -38.658951
340.793274, -252.242920, -252.022675, 90.635422
342.891998, 8.554997, 141.365021, -106.367165
470.859467, 102.007484, 374.634277, -55.918877
441.042023, -327.524139, 182.434296, -391.171509
601.440247, 247.046967, -214.993744, 506.900299
262.334198, -244.805222, -143.344528, -131.746613
340.434937, -252.747375, 10.132589, -301.755707
582.956177, 462.591034, 127.118301, 379.166107
490.865936, 389.084656, -80.615456, -57.038921
347.050415, -257.264923, 143.136002, -41.538532
574.856323, 454.554016, 347.467834, -508.503235
458.713104, 187.778564, -251.195633, -53.308075
428.231262, 92.696404, 94.441605, -214.706329
411.271637, 246.735336, 90.578201, -205.941345
428.472626, -235.182098, -234.554504, 31.736807
447.658417, -331.190155, 12.195269, 290.248627
463.466003, -431.772461, -165.026505, 211.747925
377.325928, -207.381989, -133.933807, -116.957703
461.141449, -164.762115, 101.283173, 122.170876
537.158691, 323.072601, -294.384613, 40.801144
449.730133, 269.579010, 357.962067, -225.612320
314.535553, 68.169281, -51.336864, -157.518539
640.620789, 507.665863, 263.285431, 47.807133
451.819824, -161.915604, -73.591377, -226.710831
442.160553, 181.546082, -242.704971, 287.969360
495.278900, 12.861958, -81.227600, 36.843468
313.028656, -291.426208, -111.681351, 263.159149
584.320740, 15.389368, 127.986732, 267.260590
385.602966, 84.311821, -285.444244, 177.153259
525.391174, 315.259186, 417.840546, -62.068775
506.042969, 207.396393, 401.606415, 425.327179
484.343292, 12.934551, -172.673187, 222.042252
478.953125, 12.401419, 196.980133, 127.021049
356.731201, -127.745308, -263.443878, -178.704147
461.185822, 100.591232, -164.315872, 123.080925
447.886505, -417.041260, 12.071944, 376.199249
350.606079, 75.893318, 77.322189, -175.786804
467.170319, 101.135582, 282.189575, -144.918839
511.959961, 406.571289, -84.961388, 431.595093
442.938202, -412.551117, 266.941589, 371.528717
363.629852, 8.813779, 10.668990, -321.829651
333.050507, 200.209030, -182.423325, -38.600266
383.114655, 229.816162, -209.425491, -338.402924
557.827454, 227.070480, 444.436615, -493.959198
405.886505, 243.366852, -66.134125, -358.723969
335.461700, -184.688339, 74.244133, -232.977646
440.791107, -241.466171, -410.846100, 286.705078
504.713531, 302.305511, 305.159454, -446.618500
371.877075, 9.928102, -346.458038, 99.487915
360.686401, 8.826284, -127.837341, -319.037445
377.866272, 9.727984, -351.708069, -116.439262
447.314392, -244.999512, -159.657700, 376.327637
551.726807, 226.599472, -408.666016, 359.518890
560.448425, 228.496750, 446.186188, -281.332275
413.633209, -306.422455, -305.638855, -48.741886
480.493439, -355.442017, -79.102654, 311.711670
365.328613, 9.093726, 10.515624, -183.178711
414.073853, -386.293274, -146.917480, -128.620163
397.361053, 9.470466, 240.441956, -352.010925
450.012207, -160.537872, 357.418060, 377.696716
478.942596, -355.191254, 197.686356, -149.191513
510.427490, 305.974640, 14.766459, -451.252686
543.945862, 326.242737, 224.173126, -272.540527
440.708038, -325.918274, -326.200745, 286.364960
370.357788, 223.181534, -345.398865, 241.572357
320.622864, 8.159352, -113.899384, -99.070450
390.381775, -140.239395, 86.464806, -345.870636
396.476196, 10.752367, -217.537582, 257.975952
319.654053, -236.295441, -236.710602, 269.058319
460.352814, 364.951324, -340.379425, -141.398178
344.411896, 206.514481, 75.953400, -238.518799
424.059601, 335.772797, -313.210968, -374.326904
336.008636, -119.786430, -248.638657, 154.057068
279.948151, -46.606750, -153.052917, -140.223206
392.416534, 236.029297, -64.642990, 104.837311
422.121704, 253.574387, 11.718667, -49.314095
458.312500, 99.678505, -163.001755, -53.543941
449.970612, 184.298782, 184.763641, 205.920303
462.885559, 12.340425, 278.677338, 388.964417
387.362427, 307.377502, -360.932617, 29.779938
374.541290, -277.608704, -204.783279, -116.109909
424.145142, 11.112682, 174.286896, 193.844650
487.891998, -80.251358, -80.639427, 410.582611
432.629913, -320.661072, 95.399933, -51.641327
352.807343, 280.173096, -328.957001, 162.524246
310.831451, -289.695557, -50.932388, 82.265038
372.979340, -62.211441, 10.780559, -187.135880
559.264343, 229.208496, 443.843567, 470.059235
504.918121, -276.704865, -180.035812, 327.893768
337.831787, -185.917877, 139.510269, -169.922684
325.656219, -116.810287, -52.951668, -225.878525
414.657440, -386.562744, 170.778183, 109.316658
458.106781, 274.741058, -162.533188, -404.758270
442.422180, 350.521667, 266.720123, 32.863907
385.705322, 9.247595, 159.358582, -341.577271
551.317810, 225.290543, 438.367157, 40.424717
431.318115, -72.225754, 12.706450, -381.879791
326.703278, -116.701767, -178.870193, 24.303080
398.338013, 86.352676, 87.728134, -123.315628
270.808929, -45.239841, -199.876282, -239.494690
421.298767, 91.407898, -230.417831, -210.750885
319.083130, -297.880890, 131.832962, -160.703766
468.496277, 192.236343, -77.436417, 304.787384
451.154053, 11.996106, -74.293533, 206.671341
718.103455, 569.915894, 294.075104, 604.550293
380.695862, -282.292480, 84.067688, -118.468697
602.041138, -214.876968, 362.855743, 390.041473
376.658081, 297.952911, 227.558548, -260.950531
313.682343, -292.740906, -111.208618, -157.620148
520.639526, -484.988586, 114.132904, 337.212799
337.959106, -315.422607, 204.400085, -105.493332
393.372894, -64.864098, -215.660751, 180.349548
425.864105, 336.741760, 257.410370, -376.708466
482.236481, 12.158979, 13.737548, -149.294662
319.621613, -113.944366, -236.512558, 146.543533
431.562622, -236.277222, -402.391296, 363.537933
457.658295, 11.937407, -162.858398, 34.191105
424.867096, 337.221558, -151.691086, 195.291153
466.724457, -166.424469, -255.832565, 213.834091
359.845123, 9.141298, 79.186401, -42.491657
432.875214, 11.400732, 94.814873, 197.991547
392.299500, -215.971024, -214.208755, -347.295013
374.569611, -62.814659, 154.807983, -331.839294
438.829651, 346.912689, 349.469543, -388.303253
392.825012, 9.650436, 11.418775, -272.317078
409.322083, -381.368683, 246.841354, 264.804443
364.844391, -270.455078, 150.474716, -43.668270
360.232574, -129.024017, 217.630737, -43.002529
467.063416, 100.922989, -75.977325, -413.096954
311.623413, 67.876282, -290.166840, -36.131004
677.298950, 537.454102, 147.690262, 440.528046
417.484680, 170.472015, 332.097076, -49.449921
488.624634, 105.467163, 295.450134, -338.990143
439.787964, 263.756958, 349.907196, -136.290756
703.789978, 423.358124, 558.416321, 591.737427
490.865967, 389.084534, -80.615479, -57.038918
430.991699, 258.966949, -70.717979, -50.214840
386.077271, 158.492081, -359.887177, 177.615982
432.883850, 94.439880, 11.706127, 198.282043
393.383270, -64.708420, -291.259369, 255.979538
425.990417, 337.575134, -314.854858, -212.573242
370.035309, -344.614044, 151.988525, 310.524384
465.156006, 101.122871, -343.767151, -143.316177
407.387207, 10.033242, 168.080246, -204.508698
373.700439, -62.498379, 82.622223, -259.286804
644.765259, 387.589722, 388.357849, 295.019287
387.479736, 83.875175, 85.454208, -194.274689
486.041077, 292.328369, -266.370087, 36.918427
383.519775, -136.718613, 157.404282, 322.192993
361.224030, -59.756687, -267.099213, 27.096479
514.296204, -282.264069, 310.228027, 234.379807
368.077484, 221.265228, -201.608932, -42.659901
501.435974, 301.063110, 14.076452, -154.761841
322.717712, 70.326698, -176.783676, 24.312195
572.807190, 453.887390, 455.040344, 152.196243
322.084595, -238.259735, -53.024052, 208.946396
306.813293, -109.747169, -285.526093, -94.743469
479.944092, -356.142914, 290.374390, -241.707016
438.340729, 347.303772, -239.901321, -218.854996
324.667908, -54.382484, 196.407394, -225.454453
426.422394, -152.491959, 93.802528, 31.172369
416.540100, -388.321899, -148.044418, 30.455091
265.000488, -145.933136, -42.993938, -234.733459
297.841766, -277.728119, -220.063370, -35.194313
449.152924, -332.854187, 271.305542, 32.242134
438.701874, 96.233955, -409.191895, 370.085754
317.311737, -174.043823, -234.677841, 84.491241
443.299438, 350.999390, 352.471130, -52.234776
390.943451, 10.437134, -364.221466, 104.588760
353.236450, -125.928055, -261.386688, 161.955658
414.215424, 169.077469, 250.136185, -128.361053
329.040802, -244.274506, 199.174759, -228.818466
594.687195, 129.657349, 358.168182, 385.817688
468.178650, 280.799683, 192.947388, -234.577744
399.978149, 240.027145, -372.104828, -353.104797
313.922333, -292.753601, 129.398560, 22.540939
379.083710, 300.759918, -280.513123, 29.028343
434.138855, 10.665383, 12.619710, -300.957062
446.213409, 11.107103, 12.843808, -223.735031
345.895142, 8.383924, 10.148646, -306.133728
503.520691, -179.868988, 303.665924, 229.625885
420.197083, 10.914058, -310.618622, -48.974087
442.462341, -73.345947, 182.032333, 117.205948
324.944763, -53.963303, -240.084564, -100.325836
416.891663, 11.474869, -308.849121, 351.414215
472.240417, 284.290192, -440.107361, 126.777122
451.283051, 10.903497, 272.939117, -313.230377
407.674011, -145.592056, -301.411743, 30.451178
272.458344, -202.188431, 8.035412, -189.236206
410.303070, 88.887131, 169.097778, -127.147873
505.114441, -83.087219, -373.984192, 328.684082
450.440765, -247.240311, -246.580444, 33.363953
297.136841, 7.335448, -48.378391, -205.901718
435.106506, 11.885251, -405.647095, 283.410217
632.025146, 379.818054, 501.967529, 288.953644
329.401398, -307.281342, -180.082413, -102.224609
565.131042, 231.890610, 123.199890, 475.657745
396.318939, -141.270309, -65.316902, 257.350342
495.255096, 11.874148, 204.620499, -438.593445
373.090332, -276.017273, 224.808350, 313.056580
286.341217, -47.765022, -156.472061, -198.362701
573.747192, -95.266930, 456.270142, 151.572220
422.544556, -393.384277, -150.754166, 355.228088
521.355591, 213.584885, -285.658325, 39.439335
318.481964, -297.186127, 70.358002, -99.213348
356.397034, -332.485840, -126.453041, -110.704521
346.488342, -322.981873, 76.204720, 91.466179
451.155457, 97.448051, 186.207336, -312.862946
438.969421, -241.443924, -71.456932, -220.406845
388.422913, 9.384734, 234.920959, -269.599884
360.950531, -128.650955, -336.334564, 165.609787
505.100586, -83.287033, -276.913757, 231.573532
383.114502, 229.816086, -209.425537, -338.402924
551.272827, 120.409866, -196.598557, 252.894272
302.267365, -223.985016, -49.357601, -35.890060
388.169098, -138.405701, 10.498848, 251.917252
341.101349, -187.335342, -186.622604, -40.184135
346.262878, -190.148239, 9.761095, 25.316763
418.339600, 251.609390, -229.266968, 31.776001
492.033813, 13.320817, 13.009208, 414.030060
544.870483, 431.751038, 432.847565, 144.773621
393.515594, -65.048904, -140.118073, 104.776604
366.358276, 290.481964, -341.150482, -112.425774
402.300232, 164.119934, -142.680801, -355.581451
555.189575, 15.099295, -91.826431, 467.383270
326.993988, -179.641434, -53.423038, -38.720127
499.943848, 300.843628, -274.148987, 133.895401
420.530121, 171.455353, 173.503052, -291.489624
447.784637, 268.847565, 184.259674, -52.601433
346.977203, -190.903885, -189.548691, -240.598373
484.238373, -79.946281, -79.686371, 221.677811
449.860931, -419.614685, 358.136444, 31.991257
442.831146, 96.276268, 97.242020, 32.789146
508.926727, -280.196075, 405.547668, -256.293182
536.824341, -397.653351, 324.073425, 141.504547
739.873962, 445.064240, 587.046936, 622.076233
486.603973, 293.042328, 12.658957, 409.893005
478.881714, 196.143509, -445.957245, -55.372044
475.064758, 194.707733, -169.320465, 126.931229
296.107513, 7.690999, -218.889145, -34.511478
458.079590, 362.858154, -338.452698, -316.471527
441.331238, -157.828125, -156.822205, -51.981842
379.456787, -135.246994, -353.578857, 174.100754
509.510895, -376.997009, 111.647438, 330.163849
306.785278, -227.787521, 244.599243, -213.433640
340.362091, -187.237656, 205.779312, -106.020058
471.736420, -169.640976, 376.134674, -418.345642
391.408966, -139.484650, 85.538155, 328.972107
499.943848, 300.843628, -274.148987, 133.895401
467.302094, 12.620986, -435.508575, 214.696426
417.560303, -229.668472, -67.971954, -209.657623
376.975433, -207.037384, -206.249832, -44.410328
424.208405, -233.314163, 175.049515, -132.003036
432.875366, 11.400732, 94.814880, 197.991516
663.130798, 144.670151, 526.386658, 557.163879
429.624298, 11.021303, -317.465546, -132.506760
483.165619, -172.512131, 383.940033, 312.839722
577.530334, 457.032990, 348.740570, -289.363159
474.727600, -78.634186, 104.210709, 125.918854
321.022125, 254.227051, -298.688110, -283.296631
464.907318, 278.765320, 102.526436, -321.966675
455.853027, -75.627029, 275.023895, 120.591431
531.862793, 217.099716, 321.181305, -164.818954
512.225586, 405.258759, 407.610382, -256.803253
434.213287, 260.991089, -404.285797, -133.385986
587.853821, 352.761902, 242.086380, -181.798767
362.615509, 78.675491, -198.322510, -181.394791
342.983917, -57.395782, -55.713474, -303.580902
294.820923, -275.303619, -217.520248, -261.127014
430.171387, -318.514191, 259.532043, 195.906723
478.270782, 104.126411, -353.595856, -55.590702
311.199921, -290.761078, 188.498062, -276.204498
555.552307, 439.925018, 15.675040, -277.849670
363.244415, 9.126197, 219.350372, -43.130871
556.411499, -305.205719, 335.422882, 360.307953
366.397888, -131.590225, 221.700607, -254.553253
337.685944, -250.652222, -119.562729, -299.144470
439.988770, -157.590179, 265.814606, -52.523418
437.612915, -323.742249, -407.715118, 200.508820
585.399597, 463.689880, 465.253387, 43.279789
440.845551, 180.140442, -410.183380, -304.739624
458.949860, -428.046082, 277.270996, 32.797375
410.550781, 88.761559, -145.557144, -363.008759
304.247681, -108.707214, -108.205132, 22.537600
492.315582, 107.554680, 13.135637, 319.956390
458.097595, 11.751880, -74.984962, -53.804379
325.690430, -54.360340, -115.484299, -225.707367
417.812469, -149.461975, 172.088257, 30.402283
561.563660, 229.835083, 230.787323, 149.274094
301.236511, 7.531798, -222.435104, -208.505493
417.237457, -69.290169, -308.274658, -128.821014
390.415039, 9.684837, 235.885193, -121.233009
410.691711, -146.739471, -146.061615, 30.422523
432.272980, 176.906372, 343.396851, 197.500412
582.617249, 15.444123, 462.569122, 489.343414
523.571106, 314.265686, -85.595764, -261.868774
400.666168, -143.251862, 241.781631, 105.866943
465.864410, -345.646393, 192.432205, -234.474579
372.800598, -347.782928, 153.792236, -44.741974
420.765289, 10.103091, 335.247681, -292.174103
402.931366, -66.371239, 88.008057, 338.778381
550.373230, 330.777191, 226.098373, 146.466217
484.129120, 290.817078, 199.053040, 35.981594
409.149323, -67.951942, 168.468689, 29.901230
388.795258, 159.681946, -287.982056, 253.348679
285.202393, -265.864441, -156.087936, 20.941341
585.770386, 465.273254, -434.029938, 382.052948
398.574493, -219.180237, 317.351562, -47.841507
388.359589, 158.398422, 85.704865, -269.079010
369.138855, -132.501678, 294.106812, -185.775253
464.757477, 189.487457, 191.750534, -322.145935
471.069122, 101.663666, 104.156837, -416.890228
400.880951, 164.068253, -373.206970, -123.274178
356.096436, -58.435886, -332.077850, 300.184998
413.206726, -148.349838, 170.711197, -286.952606
418.760834, 90.780067, 92.226044, -129.638092
391.499786, -65.130013, -63.920799, -121.211975
333.506866, 72.192017, 73.551193, -167.213516
422.459045, -150.810318, -150.382751, 112.350327
595.543945, 472.403595, 130.082352, 273.111267
359.403198, 147.501266, -266.089752, 165.226608
502.578888, -179.101883, 109.833290, 422.408203
308.925232, -51.177845, -287.600037, -36.015408
561.652588, 122.114784, 338.688843, 148.926544
386.520325, -64.476006, -211.215179, -267.761780
552.855469, 332.439575, -196.941055, 41.819153
449.301361, 270.288696, -332.414886, 34.266705
313.028717, -291.426331, -111.681351, 263.159180
368.582336, 79.784500, 81.286598, -184.799698
313.235687, 8.333423, -231.741074, 83.701584
264.546570, -145.572052, -93.755455, -183.509216
414.155090, -148.143234, -385.419983, -127.890221
279.899170, -153.951355, -45.562950, -140.537674
445.477051, -415.437439, 183.625229, 31.987139
262.990112, -195.208298, -93.115486, -232.974045
515.084229, 110.929062, 410.467499, -456.277100
391.878143, 85.150406, -214.436295, -120.849518
417.633606, -69.529099, -228.328201, -209.188522
408.533539, 10.686782, 11.243155, 108.628601
718.109863, 294.309601, 569.906982, 603.568176
417.237457, -69.290169, -308.274658, -128.821014
387.522430, 307.334717, -286.640747, -44.677876
452.556793, -75.582352, -73.632401, -313.748810
431.697388, -71.278717, -319.342743, 115.221306
432.135132, 11.361114, -319.572296, 32.552311
384.967621, 9.734952, 306.223846, 27.988947
397.265594, -66.138115, -217.192612, -198.986084
396.699310, -141.960159, -216.957947, -122.719879
342.075836, -122.369141, 140.893967, 24.891254
427.645264, 257.073700, -234.236221, -49.563698
493.272003, 107.322937, 202.797363, 130.970245
419.578766, -391.047974, -68.751587, 111.046181
397.514893, 162.801025, -141.551651, 29.946056
399.021057, -219.048065, -141.876068, 29.430765
366.650299, 10.126809, -341.951263, 309.192657
415.603607, -228.868698, -67.427940, -368.135498
327.817719, -117.511223, 9.511527, -164.583862
566.240295, 231.828125, 341.157074, 258.919830
356.250427, 76.932594, 10.406807, -315.181458
330.124817, -244.718063, 136.155197, -39.512646
263.785400, -245.985336, -144.287018, -31.247232
378.154022, 9.578548, -279.329437, -189.188751
374.959351, -278.067841, -132.958191, -188.285980
406.830292, 166.307343, -66.572510, -125.568436
435.054688, -238.769730, 12.118813, 115.272110
351.490784, -125.475197, 77.075897, 160.550415
457.809692, -164.572403, 277.144836, -405.864532
469.233185, 192.119446, 102.810646, 124.895569
249.184357, -232.345169, -231.922867, -29.373459
328.447418, -117.881104, 72.655968, -227.997040
314.527069, -233.486206, -51.002422, -278.709015
405.010529, -377.704620, -143.821442, -48.097485
374.329437, -349.070007, -204.753052, -44.341930
358.287415, -333.746368, -265.056183, 163.933640
371.079010, -275.444031, 153.389389, -257.943665
341.920135, 73.742264, 141.219482, -302.689392
404.393799, 320.789093, -66.677010, 108.159569
544.240295, -194.012924, 223.367126, 457.213501
363.485565, -129.611588, -199.242722, 166.533859
426.682281, 174.982361, -315.762146, 114.280754
329.891174, 71.786247, -180.612885, -38.441319
299.290039, -49.997787, -220.897385, -264.682526
360.921204, -267.188507, -128.417389, 95.756363
341.505554, -187.354202, 74.923660, 155.883011
453.625336, -248.879761, -161.437195, 120.495804
347.050568, -257.264893, 143.135971, -41.538517
347.190399, 274.907440, -256.435364, -306.472748
425.455383, 10.758792, 338.430023, 30.932545
453.610870, -335.319427, -335.908417, 381.812164
318.056519, -52.847797, -173.975632, -98.288422
382.587006, 10.178459, -283.049042, 102.233246
331.415253, 135.266739, -54.042603, -229.439423
683.081482, 542.121094, 279.732697, 575.065918
513.000977, 14.011697, -183.254181, 432.057190
344.596100, 74.913704, -254.669006, -106.171211
371.739624, -346.618469, -345.988281, -43.820080
403.224731, -144.455017, 88.958679, -125.216614
405.972137, 243.548569, 245.089706, -125.679611
385.141571, 305.375092, -358.642029, -118.189873
322.348633, 69.611549, 9.416469, -285.187958
393.383392, -64.708435, -291.259369, 255.979446
572.217468, -94.502647, 234.996918, 371.111816
514.557739, 309.567719, -183.465424, 137.640366
481.258362, 105.276459, -448.560608, 221.256668
342.365204, 206.209351, -319.178589, 157.610336
306.990356, -227.662750, -108.857094, -154.155487
508.932587, 12.368947, 210.127075, -353.095306
453.831146, -74.933258, -335.715637, 121.128891
297.737061, -49.892437, 65.909988, -263.689850
270.053802, -96.686630, -251.245605, -135.212875
493.074615, -81.649406, 297.300385, 225.014511
551.340881, -407.777069, 120.605148, 463.054718
458.336090, 275.573944, 363.844269, 297.450684
250.141052, -137.709290, -136.585556, -221.444962
437.198334, 347.138641, -156.247437, 284.843231
438.989502, -72.852066, 96.514854, 32.229858
467.167908, -167.878448, 193.137100, -414.029877
350.126221, 210.474075, -191.776382, -40.579330
358.266144, -265.175415, -264.944244, 95.282310
488.586121, 199.202866, 201.581940, -338.662567
364.375153, 79.444489, -269.499207, 27.562628
380.620728, -135.918777, 156.501709, 173.718353
323.447876, -302.008484, 9.566058, -224.759552
408.602081, -67.681091, 89.694992, 108.379471
388.457550, -138.671417, 85.182091, 177.435684
398.746674, -295.036469, -218.510452, 182.439560
419.807251, -150.130692, -149.173828, -49.446678
390.104675, -289.566376, 161.253815, -271.168793
341.535614, -252.708496, 74.839516, 221.315308
388.313324, 83.874313, 160.270096, -269.283722
328.895264, -117.277351, -180.282333, 150.686279
322.350830, -300.251190, 8.808298, 208.901764
408.101501, -223.596207, 10.927896, 343.033600
527.979492, 216.073837, 419.425903, 241.227478
410.457092, -225.195786, -146.074509, 109.029015
405.935394, -223.001709, 167.243607, 29.408808
401.872986, 9.740740, 11.791071, -355.677002
366.355072, -201.178696, -270.727997, -43.051903
356.521362, 77.843323, -263.801086, 95.378998
349.514343, 75.972847, -57.253960, -40.940605
477.971649, -445.698395, 105.284904, 34.481285
288.262054, 7.273307, -157.626358, -144.293671
327.128571, 8.630635, -304.668640, 24.740599
523.522583, 414.959808, -286.667847, -160.949738
347.859985, 142.135925, -123.558495, -173.997604
624.566040, 256.278503, 136.156815, 525.683167
469.877991, 192.166534, 193.270157, 34.778442
358.345551, -196.527313, -333.770355, 95.529068
414.377533, 90.301338, -226.994827, 31.217482
499.872589, 107.732338, 302.396332, -442.658997
391.914368, -365.614044, 161.677368, -47.035927
649.767029, 515.681702, 266.090149, 547.019531
290.714203, -104.297661, -214.544342, -257.195404
530.311218, -493.984589, 421.386566, 444.604828
357.351166, 77.563171, -58.429131, -110.410149
491.763855, 107.422653, -458.196625, 131.714417
368.789886, -202.423050, -201.883011, 27.316103
522.121155, -287.056641, 315.498810, -62.495853
578.565796, 236.699860, 348.794342, 153.587677
412.945679, 248.189575, 11.330274, 30.968328
519.773865, 412.075745, 14.179561, 39.138348
394.869781, 86.210686, 86.290955, 256.479858
350.803589, -192.550751, -192.037094, 25.983892
287.789124, -47.818642, -157.419708, -88.935066
338.588226, -55.695057, -250.689270, 220.323669
277.776367, -205.997818, -98.497971, -139.485748
404.094543, -144.404922, 321.261749, 184.132828
454.337708, -75.390251, -161.487671, -53.368114
331.251160, -308.666931, -244.948196, 87.991806
391.490997, 310.009918, 11.046010, -195.797302
550.780029, 435.589020, 438.460327, -381.747772
377.453064, -279.821960, -61.520489, -117.231384
377.830231, 155.063980, -279.732819, 173.697937
319.818878, -52.679398, -298.032379, 146.837738
373.138977, 295.299011, 82.228096, -258.294708
460.051117, 363.920624, 277.940765, -318.725494
550.780029, 435.589020, 438.460327, -381.747772
314.106750, 68.215454, -111.620552, -96.956505
342.983856, -57.395775, -55.713482, -303.580872
310.670471, -289.425751, -110.620552, 141.938782
391.382904, 10.478013, 10.494084, 254.241791
484.111633, 11.765702, 199.879089, -335.874695
477.865173, -78.656494, 12.693060, 401.964294
382.121796, -136.256897, -209.458084, 175.072418
459.441071, -252.744644, 277.773071, -143.112183
359.137177, -128.316864, 78.879280, 95.146790
551.176025, -302.210815, 120.722382, 357.333618
399.919128, -219.871506, 11.525670, -124.197853
253.754837, -236.956268, -187.221390, -224.754120
323.217041, -239.828766, -52.497261, -224.402023
364.991119, 289.002289, -269.583160, -322.186127
432.059570, 11.534817, -402.527039, 115.588486
308.461700, -287.221466, -287.474060, 200.441010
433.687164, 260.852661, -71.441483, 115.863197
441.091339, -411.097748, -72.276505, 116.739601
550.780029, 435.589020, 438.460327, -381.747772
484.098206, -265.188324, -79.914803, 407.094696
489.256989, 294.771606, -362.453583, 318.959015
264.707184, -44.132706, -195.437820, -183.308426
407.188110, -145.260635, 323.405304, 341.754303
618.077698, 490.531677, 253.112717, 520.341187
427.299377, -317.094543, 12.602042, -296.781616
474.885986, -351.423645, 195.191101, 307.548859
568.044739, 341.026886, 451.566162, 41.824757
567.923767, 14.782715, 124.595779, 150.814896
443.553436, 181.331787, 97.481430, -52.097561
521.432251, 412.894714, 214.643997, -161.095169
485.239227, 198.939087, -266.024170, 129.808685
369.841522, -273.689117, 152.014893, 239.519211
457.317322, 12.308493, -338.484741, 209.959732
278.394196, -259.941223, 8.233581, -193.452240
372.897339, 151.974960, 225.415100, -258.582184
448.125427, 10.744173, 185.148224, -396.856232
464.266663, 12.486426, -76.617371, 301.755707
382.119110, -209.527710, -136.117310, 174.822784
606.442017, 248.932632, 15.868158, 510.661163
286.270477, 7.277102, -266.377350, -143.144852
585.769714, -433.607147, 465.619965, 378.912018
409.063538, 10.321308, -223.682465, -204.762573
390.493774, -363.667755, -139.178818, 253.343521
367.932800, -202.285278, 222.328064, -44.040127
329.255554, -117.674202, -53.927490, 24.285152
339.827972, 269.033539, -185.807968, -300.057892
398.323212, -371.413666, 316.964600, 104.725319
406.410095, -301.179230, 245.487183, 29.173874
550.065796, 436.421143, 14.627959, 252.452927
413.249115, 168.217957, 329.246826, -365.933929
676.905273, 17.943504, 537.428040, 568.535706
400.163605, 164.131027, -142.759262, 183.695129
448.368958, 355.106873, -245.269424, -309.879028
330.245819, 135.228088, -244.193893, -38.281010
300.529541, -107.643669, -164.278564, -150.630463
479.845978, -446.975586, 381.286407, 402.295227
560.346863, 122.338783, 122.452682, 363.962067
439.610931, 264.594025, -325.382568, 117.878456
367.422699, -342.945374, 10.762331, -184.832047
256.366425, -189.904236, -238.619064, -30.136503
421.610779, -70.460930, 12.305956, -292.410187
530.772034, 419.789520, 218.962875, -469.357635
401.988922, -374.399780, -66.148155, 260.657776
385.315277, -137.702255, -358.687805, -45.045120
577.443481, 347.578217, 15.238692, 375.625336
445.293732, 97.474373, -73.705673, 375.000885
329.024933, -243.497055, -54.050426, 150.315308
425.627930, -70.224701, -151.695023, 194.993423
322.479767, 255.589050, -300.205231, -160.834946
506.956482, 207.527527, -277.614136, -58.914536
339.056519, 138.275467, -55.198208, -299.769379
471.732880, -78.435463, 103.868332, -55.853573
337.177094, -250.137817, -184.171631, -233.915344
389.590851, 234.266098, -138.781998, 29.469454
529.366455, 216.818176, 14.425396, 141.083633
476.980286, 286.379974, 13.389934, -147.213974
383.196228, 10.374255, 10.131573, 322.447174
346.673004, -323.528839, -122.904526, -174.197113
257.206299, -240.138596, -41.756264, -178.658417
507.365723, -180.931152, 305.596222, 426.035919
369.059998, -202.719360, -131.109238, -43.588364
535.195129, 116.111946, 425.637665, 39.077564
488.267395, 106.796326, -174.299545, 317.678131
407.391571, 323.092468, -301.337433, -46.968559
486.412476, 199.590027, 106.039139, 409.402374
336.182983, -248.900772, -55.111874, 89.081764
541.599609, -504.667633, 430.569153, 350.170593
637.576904, 505.585297, 506.012604, 413.960693
390.305206, -213.985413, -213.912140, 178.699677
311.354065, -111.476166, -50.802933, -96.498779
536.166260, 220.046173, -396.959412, 246.489120
374.698944, 9.773525, -133.337051, 27.993303
475.029205, 376.085358, -77.596863, -328.559113
437.386963, -408.122131, 348.356903, -52.784603
441.091248, -411.097504, -72.276482, 116.739586
470.654236, -77.849838, -77.290291, 125.159210
433.426422, 260.888855, -154.684570, 199.095383
415.060913, 169.909210, -227.291229, -48.235111
324.945007, -53.963268, -240.084564, -100.325867
542.774414, 117.502846, 327.857635, -168.371643
445.308319, -73.351524, 97.263969, 374.408112
349.092804, 142.320572, 10.149931, -308.734863
399.793457, -219.084732, 87.414413, 335.897705
386.431396, -138.359497, 159.291809, -46.002533
393.318085, -366.628632, -290.723083, 28.999968
304.212097, -50.229259, -225.037018, 81.194984
415.143921, -69.213921, -306.507507, -287.484558
524.451782, -387.889374, 114.723236, 440.471588
326.795135, -53.930691, -304.430298, 87.324860
457.375122, 11.027682, 101.191078, -404.921417
326.703247, -116.701714, -178.870193, 24.303082
434.108368, 344.994934, -405.056793, 366.598206
459.013733, -164.495117, 189.358383, -142.684189
521.380493, 313.631439, 413.684967, 438.369904
376.718201, -206.603363, -350.883240, 100.426971
431.589722, 259.127533, 12.115718, -133.204758
546.295471, 13.814549, 434.552429, 39.718174
502.328217, 301.363464, 110.632446, -251.537354
504.448059, -469.892426, 400.835510, 422.921326
315.327118, 250.019730, -293.631104, -96.765686
477.682709, 194.910004, 196.941605, -239.491302
356.209351, 213.791901, -194.808792, -246.299454
517.763794, -85.509514, 212.634018, 335.795654
428.831573, -70.490921, -153.140976, 361.039246
482.236420, 12.158976, 13.737547, -149.294586
475.000214, -169.769882, 195.478516, 125.676613
504.933014, 206.346756, 207.857803, -59.471165
312.206207, 127.776489, -290.653809, -96.006012
431.377716, 176.218979, 94.941826, -133.407440
293.278473, -273.961945, 65.045288, -260.135162
298.735931, -107.075989, -220.537720, -206.971832
257.601318, -43.033512, -190.128296, -227.814499
363.323364, 218.253357, 10.086351, -42.445049
387.730804, -138.318130, -361.166626, 103.485680
482.239105, 381.776764, -263.674072, -425.802734
346.481018, -57.529442, -56.675442, -40.805088
402.498352, -375.968994, 320.956390, -280.157196
498.415710, 13.462710, -177.863983, 324.130096
534.984741, -87.886948, -293.670441, 450.606079
265.255310, 6.544611, -195.801071, -234.495209
488.833984, 106.496681, 13.389265, 130.131485
315.251678, 128.669739, -51.406918, -218.249512
389.356781, 234.297318, -213.507431, 104.277908
448.090515, 97.787399, -245.604752, 119.732567
313.832184, -233.125290, 250.310364, -278.524292
255.696793, -91.716232, -237.763138, -226.155289
424.766327, -233.046722, 337.589172, 274.896484
256.354919, -239.042953, -189.410416, -30.292036
433.335144, 261.022949, -237.916550, 282.350861
470.859497, 102.007507, 374.634247, -55.918861
283.899719, -101.643959, -264.127319, -142.145401
384.006805, -63.588615, 231.537720, 175.241425
492.221893, 295.802368, 390.932587, 225.037155
389.729004, -363.832520, 161.021225, -196.284103
440.138489, 264.525146, -156.651123, -51.144745
403.695129, -66.848877, 243.409027, 184.226166
513.877869, -380.119598, 211.020737, 431.392090
373.278046, 224.518280, -61.490257, 99.724358
488.624847, 105.467133, 295.450348, -338.990051
445.801178, 352.987976, -329.269592, -393.519073
297.443176, -277.707123, 179.989563, -149.895844
520.672363, 13.521400, -85.392357, 38.732449
509.916718, 208.215103, 405.624207, -60.398277
461.846344, 189.147537, -164.459564, 34.792355
428.666443, -400.470947, 177.357101, -380.340973
297.728180, -221.028854, 180.220642, -207.043655
339.056183, 138.275406, -55.198231, -299.769348
358.810425, 9.582154, -127.919441, 164.492966
433.949219, -321.224182, 344.939880, 280.704956
311.887573, 7.836434, -110.707405, -156.205444
497.398041, -82.283531, 395.179657, 322.206726
426.186707, -233.945587, 93.652260, 112.775948
